root@OpenWrt:/tmp# ./run-ipq8065-sqrbug.sh
ipq8065-sqrbug: Mismatch on Iteration 7059 - Index = 20, Byte Offset = 0x0050
Expected Word = 0x00000000, Actual Word = 0xe59f3010, &a.dp=0xbee0eb28
Expected Result:
  0000  00000000 00000000 00000000 00000000 - 00000000 00000000 00000000 00000000
  0020  00000000 00000000 00000000 00000000 - 00000000 00000000 00000000 00000000
  0040  00000000 00000000 00000000 00000000 -*00000000 00000000 00000000 00000000
  0060  00000000 00000000 00000000 00000000 - 00000000 00000000 00000000 00000000
  0080  00000000 00000000 00000000 00000000 - 00000000 00000000 00000000 00000000
  00a0  00000000 00000000 00000000 00000000 - 00000000 00000000 00000000 00000000
  00c0  00000000 00000000 00000000 00000000 - 00000000 00000000 00000000 00000000
  00e0  00000000 00000000 00000000 00000000 - 00000000 00000000 00000000 00000000
  0100  00000000 00000000 00000000 00000000 - 00000000 00000000 00000000 00000000
  0120  00000000 00000000 00000000 00000000 - 00000000 00000000 00000000 00000000
  0140  00000000 00000000 00000000 00000000 - 00000000 00000000 00000000 00000000
  0160  00000000 00000000 00000000 00000000 - 00000000 00000000 00000000 00000000
  0180  00000000 00000000 00000000 00000000 - 00000000 00000000 00000000 00000000
  01a0  00000000 00000000 00000000 00000000 - 00000000 00000000 00000000 00000000
  01c0  00000000 00000000 00000000 00000000 - 00000000 00000000 00000000 00000000
  01e0  00000000 00000000 00000000 00000000 - 00000000 00000000 00000000 00000000
  0200  00000000 00000000 00000000 00000000 - 00000000 00000000 00000000 00000000
  0220  00000000 00000000 00000000 00000000 - 00000000 00000000 00000000 00000000
  0240  00000000 00000000 00000000 00000000
Actual Result:
  0000  00000000 00000000 00000000 00000000 - 00000000 00000000 00000000 00000000
  0020  00000000 00000000 00000000 00000000 - 00000000 00000000 00000000 00000000
  0040  00000000 00000000 00000000 00000000 -*e59f3010 e19210b3 00000000 13a01000
  0060  00000000 e12fff1e 00000000 00000000 - 00000000 00000000 00000000 00000000
  0080  00000000 00000000 00000000 00000000 - 00000000 00000000 00000000 00000000
  00a0  00000000 00000000 00000000 00000000 - 00000000 00000000 00000000 00000000
  00c0  00000000 00000000 00000000 00000000 - 00000000 00000000 00000000 00000000
  00e0  00000000 00000000 00000000 00000000 - 00000000 00000000 00000000 00000000
  0100  00000000 00000000 00000000 00000000 - 00000000 00000000 00000000 00000000
  0120  00000000 00000000 00000000 00000000 - 00000000 00000000 00000000 00000000
  0140  00000000 00000000 00000000 00000000 - 00000000 00000000 00000000 00000000
  0160  00000000 00000000 00000000 00000000 - 00000000 00000000 00000000 00000000
  0180  00000000 00000000 00000000 00000000 - 00000000 00000000 00000000 00000000
  01a0  00000000 00000000 00000000 00000000 - 00000000 00000000 00000000 00000000
  01c0  00000000 00000000 00000000 00000000 - 00000000 00000000 00000000 00000000
  01e0  00000000 00000000 00000000 00000000 - 00000000 00000000 00000000 00000000
  0200  00000000 00000000 00000000 00000000 - 00000000 00000000 00000000 00000000
  0220  00000000 00000000 00000000 00000000 - 00000000 00000000 00000000 00000000
  0240  00000000 00000000 00000000 00000000
Press <enter> to continue


root@OpenWrt:/tmp# ./run-ipq8065-sqrbug.sh
Running ipq8065-sqrbug until it fails or 1000 successful iterations
Test iteration 1
ipq8065-sqrbug: Mismatch on Iteration 2548 - Index = 3, Byte Offset = 0x000c
Expected Word = 0x00000000, Actual Word = 0x82cd8698, &a.dp=0xbee11b28
Expected Result:
  0000  00000000 00000000 00000000*00000000 - 00000000 00000000 00000000 00000000
  0020  00000000 00000000 00000000 00000000 - 00000000 00000000 00000000 00000000
  0040  00000000 00000000 00000000 00000000 - 00000000 00000000 00000000 00000000
  0060  00000000 00000000 00000000 00000000 - 00000000 00000000 00000000 00000000
  0080  00000000 00000000 00000000 00000000 - 00000000 00000000 00000000 00000000
  00a0  00000000 00000000 00000000 00000000 - 00000000 00000000 00000000 00000000
  00c0  00000000 00000000 00000000 00000000 - 00000000 00000000 00000000 00000000
  00e0  00000000 00000000 00000000 00000000 - 00000000 00000000 00000000 00000000
  0100  00000000 00000000 00000000 00000000 - 00000000 00000000 00000000 00000000
  0120  00000000 00000000 00000000 00000000 - 00000000 00000000 00000000 00000000
  0140  00000000 00000000 00000000 00000000 - 00000000 00000000 00000000 00000000
  0160  00000000 00000000 00000000 00000000 - 00000000 00000000 00000000 00000000
  0180  00000000 00000000 00000000 00000000 - 00000000 00000000 00000000 00000000
  01a0  00000000 00000000 00000000 00000000 - 00000000 00000000 00000000 00000000
  01c0  00000000 00000000 00000000 00000000 - 00000000 00000000 00000000 00000000
  01e0  00000000 00000000 00000000 00000000 - 00000000 00000000 00000000 00000000
  0200  00000000 00000000 00000000 00000000 - 00000000 00000000 00000000 00000000
  0220  00000000 00000000 00000000 00000000 - 00000000 00000000 00000000 00000000
  0240  00000000 00000000 00000000 00000000
Actual Result:
  0000  00000000 00000000 00000000*82cd8698 - 00000000 00000000 00000000 00000000
  0020  00000000 00000000 00000000 00000000 - 00000000 00000000 00000000 00000000
  0040  00000000 00000000 00000000 00000000 - c034c898 c034d60c 00000000 c0344044
  0060  c0349cb8 c0349cbc 00000000 00000000 - 00000000 00000000 00000000 00000000
  0080  00000000 00000000 00000000 00000000 - 00000000 00000000 00000000 00000000
  00a0  00000000 00000000 00000000 00000000 - 00000000 00000000 00000000 00000000
  00c0  00000000 00000000 00000000 00000000 - 00000000 00000000 00000000 00000000
  00e0  00000000 00000000 00000000 00000000 - 00000000 00000000 00000000 00000000
  0100  00000000 00000000 00000000 00000000 - 00000000 00000000 00000000 00000000
  0120  00000000 00000000 00000000 00000000 - 00000000 00000000 00000000 00000000
  0140  00000000 00000000 00000000 00000000 - 00000000 00000000 00000000 00000000
  0160  00000000 00000000 00000000 00000000 - 00000000 00000000 00000000 00000000
  0180  00000000 00000000 00000000 00000000 - 00000000 00000000 00000000 00000000
  01a0  00000000 00000000 00000000 00000000 - 00000000 00000000 00000000 00000000
  01c0  00000000 00000000 00000000 00000000 - 00000000 00000000 00000000 00000000
  01e0  00000000 00000000 00000000 00000000 - 00000000 00000000 00000000 00000000
  0200  00000000 00000000 00000000 00000000 - 00000000 00000000 00000000 00000000
  0220  00000000 00000000 00000000 00000000 - 00000000 00000000 00000000 00000000
  0240  00000000 00000000 00000000 00000000
Press <enter> to continue

